1000
6483
-3868
1609
2488
-8496
-6252
-1293
-4945
2798
-2825
-1415
-1489
4853
-7875
-6316
-390
6325
3427
6771
-7732
-1700
-6129
-7152
-7296
7946
9536
-8262
7695
-976
-9384
4237
937
-4088
8417
1410
7362
-1128
-2046
423
6915
6017
-4969
-4152
-7128
-6169
-1871
-3698
4910
-6962
8996
3022
-6819
1485
-5381
-1557
-2955
9363
570
-8908
6661
-9921
9862
-2435
-8384
8705
-4638
-6164
2661
8622
8892
-1209
-2159
8055
45
-7509
3993
-3234
-7757
7368
3595
714
915
5596
-3102
-6606
3886
-5172
1560
-2593
7839
-5067
4329
5328
-3600
2500
2789
2134
-4832
3063
-6763
-6790
3793
-3633
-5393
-7213
-2168
-4799
-1238
-9719
-5830
-4949
319
-6723
-387
3141
4642
7214
-4899
-3865
-9040
5186
-1430
7031
8205
-1830
667
7490
5563
1068
-5833
-1197
1444
-7735
-3167
2001
-8606
9499
4364
4499
-5174
8921
-464
-6499
-8651
-9842
5192
-5515
-8249
-8593
-934
-3572
-8014
1319
7292
-3582
4808
5908
999
6124
-8617
7167
7377
-1341
3194
-7327
-4676
-1914
8911
-2719
-7883
-4701
-1155
-6473
-5689
-1875
923
-5950
7017
-5281
-4802
-3707
-1768
179
7679
-7489
2382
6113
5878
4967
-927
6736
-6732
-8007
8851
-9764
4744
6569
-6257
-3161
-9426
-3614
5794
4478
1911
-2853
-659
-7197
2383
6271
-3218
-5287
-1740
-9584
7522
-7134
7295
-989
-66
-947
1343
-8327
-8105
-7961
-9292
-2617
-8572
-638
-8297
2043
8477
-3978
9017
4916
-5776
9109
-2461
-3987
-5836
6005
-6896
-6701
-1939
528
-474
-3143
8053
716
4427
-1960
7301
-4455
-3563
-9868
7489
-1677
3424
-4875
-5613
4092
-6725
8351
-4597
2275
-2733
-8965
-6115
-6498
-5229
7512
667
-4617
-5419
3462
-4971
2947
6580
-7867
9246
-8215
-9945
647
1379
-1845
5371
-4582
-5798
-4166
7515
-1787
3932
-7485
-6592
-2527
8955
2253
-873
-3582
-8122
-1763
2556
8885
-2282
7539
-5545
9252
-5796
-7860
2504
9839
-7984
3228
330
-2402
4831
-5617
4568
8692
-9850
-9958
-4453
1128
-7839
2167
-5879
1080
-9482
7907
-5531
-9850
-6892
-9844
694
9980
6936
-5193
1379
-4872
45
1858
3491
-5019
-1336
6675
-5215
-4064
6906
-5026
7961
-4409
-8733
-4535
-8367
-2526
5036
-73
415
-1943
-4072
-1348
-5685
-4656
-8531
3626
-2421
2968
-2689
1072
-3197
-5910
-1154
7988
8112
-9559
-9678
-4192
732
7502
-2753
-5621
-937
9050
8767
-5918
-6838
-1434
790
-591
6545
4444
2661
-7022
7890
7057
-5441
-6756
-6220
1323
9785
-4506
-8920
8040
2685
-8349
726
-5483
-6661
-4568
-3143
-4059
7075
-8826
-6314
-2232
2150
5885
9786
-6001
6982
2894
-8964
-9658
6671
8917
471
917
6831
929
3483
1177
2428
7919
-1566
6081
-260
-5988
2791
3376
1905
-6010
1892
1615
-2585
-2846
-83
5311
4618
483
-8396
-3448
-912
-6549
6225
-3993
186
8149
-9872
4452
7477
7698
9508
-1235
-4359
-7791
-57
-6421
-2926
-2578
7599
3502
-9195
-1825
8315
-9260
-4945
-4060
-3878
1398
-840
-509
-2664
2068
5317
747
6696
-1687
7485
6337
-1414
-649
3796
2855
4874
-8570
-1869
9699
-2077
-9276
-33
-611
-8473
-7749
2698
1175
-5721
-3498
-5717
-2961
-3910
-2782
-82
1759
202
-9048
9751
1364
-1769
3935
-3087
-2810
-4354
-7383
7925
6840
8963
-8124
8864
7424
6155
-7805
-5120
-2418
-3920
-3259
-7262
-3723
-5472
-3570
-9922
1450
-2489
-4580
7598
5556
6971
5988
-4461
192
3261
8864
7203
-8994
886
5141
-6198
4543
-3405
6462
7189
6452
-3746
-9138
-431
-7999
-2274
127
905
-3980
9574
7328
-6851
-1235
2425
9350
-6155
8789
6966
-4651
-8199
2987
-8439
-275
-7766
3615
-7075
-3481
1065
-6886
-7514
-7496
8373
-6256
-2574
-1634
-3914
8544
2766
-4052
-4988
9161
2452
-9879
-5810
-9368
8699
2505
4808
-2318
-316
8061
-7534
2213
-3083
3520
9618
2600
-867
8383
4363
-9988
7444
2088
260
-7150
-2240
2241
-6615
1933
-6966
-5973
-1191
6344
7526
5068
-587
-1731
3642
-1061
-7328
-7461
-2450
-4492
1774
4849
9795
1075
-9535
-6370
-3090
-8671
7743
-3454
2866
-6785
3434
4654
6182
-9959
-6986
-5042
4413
-137
-4022
-4539
-6612
-8771
-949
-1231
-2843
4043
1312
7196
3136
3686
-2544
-701
4042
3480
1729
-66
-5130
3415
4502
-7792
5507
-7228
5083
-3929
3603
-9671
-721
739
5758
-5736
-5662
5466
-5641
9947
7516
3109
1064
6677
5411
9464
5029
5552
-5537
1886
-9877
-3991
-2364
1128
-3899
-4721
-4385
2700
9577
-5159
8553
7015
-2513
6612
-4251
8952
-4926
-9419
863
2806
-8368
-9527
-268
1829
-5939
2074
1051
-4767
-8970
-9926
-1535
-3344
-5540
3694
8295
-8894
9942
-841
3220
1299
1436
1520
2853
-3626
-2891
8404
-5861
735
-933
6301
-299
1466
1844
-3270
-4060
4306
-8136
-9286
2177
9302
7130
-5739
-6811
-2360
-8141
8840
9831
3086
-8063
-8571
-6820
8710
1349
4467
2096
2341
2620
-1104
2652
3315
-7361
-579
-678
7103
6538
-4560
7909
-4611
7770
-7676
105
-1093
8930
-426
-6283
7534
4928
-8095
4950
4169
7414
752
-5656
9506
6697
-5623
-4441
4965
3105
-7587
-3425
5938
7290
3366
3327
-9821
1199
7235
4254
6043
-633
-157
2007
-469
2738
-2073
-2016
3818
830
9309
-8768
6143
-2217
3327
-6305
8472
1540
8486
-7096
-3704
7655
4731
7714
9211
6142
591
3863
-8256
-7290
-2283
-1619
3954
-5666
-1116
-4985
-8026
2377
2849
4879
-840
823
2635
277
3644
4139
-9031
-9924
7524
-2423
970
-1013
3542
-4019
-7639
9523
7533
-8625
-6649
-1675
-9402
5892
5736
-4172
-1156
-5618
2709
3335
-2434
-6922
-7332
4234
3931
2798
65
-6658
1279
277
556
-4996
-9144
-7322
-213
-7519
-5115
8679
-3392
-2671
8847
-5742
8800
1948
-8052
-7285
7350
-5605
-8357
934
6698
-676
-2318
366
3003
4090
-5249
6069
2980
-7432
7855
-1938
6663
3599
5428
5673
-8804
9989
-3324
3057
-9976
-7726
-5840
3504
6385
2563
3587
-9394
-4696
-873
-4250
6334
5410
4598
-8371
390
-2579
-6354
4784
5236
1090
-4380
-9151
7903
3119
-5139
-916
7083
-8901
3612
2404
1051
8185
-7297
4744
-9800
-1188
-4714
7133
-239
-2141
2117
-6396
1380
-6543
6113
-4582
-4315
-4275
450
2151
-8976
3494
2141
-2848
-9363
